year,social,migration,gsouth,survey,quant,mortality,fertility,dtrans,fam,devel,biodemog,theory,articles
1948,0.0179626215805,0.0362044193899,0.023713999139,0.100161316373,0.339735581106,0.0421023180312,0.0364380636239,0.188639478772,0.0497798355116,0.0505800901255,0.013131045258,0.10155123109,590
1949,0.018135645642,0.0793452341379,0.0192359114726,0.0963581288025,0.302485082373,0.0448118994545,0.0362280717084,0.186443875449,0.0382786884229,0.0576424745275,0.00879328415589,0.112241703854,760
1950,0.0192376427909,0.0889136687553,0.0304163143714,0.0992073468607,0.305311078701,0.0304293497038,0.0429188990435,0.183414171692,0.0449935442693,0.043030321441,0.00957905994329,0.102548602428,740
1951,0.012890077673,0.0918854148654,0.0229455761156,0.0727641652067,0.287054505527,0.0222881506165,0.0541960300499,0.192789946887,0.0424468603735,0.0577808431451,0.00602345661862,0.136934972922,680
1952,0.0135829353586,0.0603013010973,0.0324656653849,0.0419508436793,0.316380158418,0.00822762006132,0.0695735866034,0.20702072809,0.0514406232754,0.0585899863007,0.00198845261123,0.13847809912,490
1953,0.0147314170063,0.0697554579053,0.0152590741256,0.0500090638385,0.243634343028,0.00630423757335,0.0848482694738,0.234771346082,0.0285853697832,0.0862015459386,0.00953858159346,0.156361293652,490
1954,0.0218203459048,0.0478111539064,0.011948873063,0.063429279665,0.288937511373,0.018612769972,0.0608420180882,0.221020189333,0.045261387085,0.0675928266281,0.00867911555048,0.144044529431,570
1955,0.0160979537611,0.0474803220132,0.0232448568071,0.0706097767391,0.295105071058,0.0200624098015,0.0767045806177,0.19815128733,0.0380643602289,0.0654865629382,0.0105316778255,0.13846114088,610
1956,0.0163794684233,0.0430347877406,0.0289334176585,0.062477770825,0.329527676428,0.0186367057287,0.0935475553438,0.176885592829,0.0421683414704,0.0568623081334,0.00327510599435,0.128271269426,610
1957,0.0264445621384,0.0624568515215,0.034220979841,0.0516567418063,0.338417125641,0.00528345496438,0.140890289368,0.159898975532,0.0414737774201,0.0393552560554,0.00365892649652,0.0962430592162,530
1958,0.0346410012982,0.0654171085033,0.0395315288369,0.0502438580664,0.332289529989,0.00406615745007,0.143400807083,0.150304430937,0.039930927973,0.036419996839,0.000953947656484,0.102800705368,530
1959,0.034524024134,0.0475931866596,0.0609133467131,0.0594923865229,0.345936884833,0.00809319526858,0.136026906485,0.140182020792,0.0377767649073,0.0228600287693,0.00127070570094,0.105330549214,480
1960,0.0137264328313,0.0438056966263,0.0661390525486,0.0682642806106,0.28721594832,0.00809875603124,0.198456387984,0.128394065952,0.0397019148048,0.0316562884554,0.000583799961803,0.113957375874,480
1961,0.00694461289569,0.0490524578037,0.0602990993444,0.0628541696625,0.262125907176,0.0282472037626,0.246370243823,0.111747896943,0.0422725416512,0.0315137711802,0.000608041853931,0.097964053905,520
1962,0.00808882646843,0.0621791064176,0.0442512066931,0.0561179003024,0.240828469491,0.0223398074016,0.28291424813,0.111456043344,0.0481165784946,0.0338784906957,0.00534843606747,0.0844808864936,580
1963,0.00969084008818,0.0569637894958,0.03542197047,0.0521913913923,0.279242234773,0.0372992342827,0.212596939317,0.143876352377,0.0452789897998,0.032400399757,0.00524465854944,0.0897931996982,780
1964,0.0112773087357,0.054623859225,0.0292019777398,0.0604254951427,0.285926967105,0.0237947198069,0.214866005063,0.141600128551,0.0465779725423,0.0353059970627,0.00540298543271,0.0909965835928,750
1965,0.0100096317384,0.0624818055428,0.0401135990299,0.0635189856167,0.272304296428,0.0256156518535,0.198709679721,0.151920022842,0.0428254136494,0.0335105123148,0.0016050283821,0.0973853728814,770
1966,0.0204521158618,0.079757868255,0.0479786659865,0.0567232620737,0.253965727541,0.0226894752521,0.23103346728,0.11836898542,0.0341027373042,0.0351258213635,0.00819564899477,0.0916062246678,630
1967,0.0172458234945,0.084501704195,0.042638077172,0.0599735307268,0.285396694603,0.0209672089951,0.21479871913,0.13015286478,0.0283239929792,0.0283942653862,0.0074768559956,0.0801302625424,710
1968,0.0156290931863,0.0603150676537,0.0296315374645,0.0634712228637,0.267999425743,0.0465766291429,0.253764110177,0.0969312252265,0.024528802224,0.0561416967518,0.00895031862836,0.0760608709382,810
1969,0.00864621251136,0.0504613753074,0.0301467724665,0.067573668933,0.228659838174,0.0435367428097,0.244655684075,0.108698720729,0.0331225347737,0.0848286917964,0.00864914200732,0.0910206164173,970
1970,0.00987092676121,0.0354503685967,0.0260607542485,0.0557318534108,0.227940805288,0.0505560737967,0.237827325923,0.120952875373,0.0377374698907,0.0905329441031,0.0112469383401,0.0960916642688,1100
1971,0.0158547142899,0.0367793773971,0.0314359155971,0.0446845057224,0.251983504512,0.040011370839,0.219079953988,0.128219683331,0.0408095706785,0.0862059700376,0.00969775624496,0.0952376773616,1090
1972,0.0176192860402,0.0320946506688,0.0315038384304,0.0472364682243,0.285716345477,0.0444940782686,0.237534435377,0.124881310233,0.0389836921635,0.0615200848211,0.00571012577922,0.0727056845179,1130
1973,0.0188174668579,0.0386902185606,0.0325696747884,0.0410542367578,0.265675689724,0.0491186839906,0.247291901909,0.125599172394,0.0401971010364,0.0654335485426,0.00233182419606,0.0732204812426,1030
1974,0.0209536302881,0.0416896077241,0.0307223566705,0.0409400658194,0.283107764454,0.0551556377101,0.215776682368,0.12908667631,0.0475668356769,0.0636926509092,0.00204426283343,0.0692638292363,1060
1975,0.0214123943747,0.0411662891455,0.0318902330402,0.0469453672229,0.284197005976,0.0463391430986,0.196334774941,0.143034656278,0.0440694490863,0.070235762922,0.000405896128069,0.0739690277869,1020
1976,0.0242987972706,0.0346569914177,0.0440454326247,0.0501227783938,0.294087667212,0.0329713402906,0.196217647709,0.149053090649,0.0456666149862,0.0552902201255,0.000376379557602,0.0732130397629,1050
1977,0.019562306929,0.0307600709069,0.0381030816138,0.0527153816172,0.260538877896,0.032733050266,0.241440637839,0.165345565087,0.0465733923783,0.0423216617746,0.00073344609108,0.0691725276018,1100
1978,0.0266442519078,0.0332989162852,0.0434751243606,0.0362888387045,0.296373577716,0.0349501792427,0.238262019153,0.141972123936,0.0509201446127,0.0357895199815,0.0011447538398,0.0608805502597,1120
1979,0.0236400004563,0.0315033868024,0.0489883607795,0.032458815199,0.318784578778,0.0501972761701,0.215991953515,0.134119618023,0.0464201702209,0.0402709164266,0.00134102108032,0.0562839025498,1180
1980,0.0240098407027,0.0352105010538,0.0478422192519,0.0370187069076,0.326593707911,0.0431919276925,0.22160052375,0.125183412335,0.0420064829466,0.0389538709243,0.00103603047949,0.057352776045,1080
1981,0.018657455806,0.0376452045269,0.0545805824412,0.0416474672912,0.300639159438,0.0428600797515,0.243584798309,0.136757257001,0.0429137303897,0.0286856026979,0.000489374257079,0.0515392880902,970
1982,0.0304834078439,0.0377335780666,0.0545888278964,0.0398684950767,0.300694326453,0.0332681364695,0.260673473153,0.120512708039,0.0495596015392,0.0241618741032,0.00169255016826,0.0467630211917,820
1983,0.033396542886,0.0304463146097,0.0649842435984,0.0312415925654,0.33321688048,0.0327430308347,0.233957979006,0.103688851371,0.0651906182248,0.0283454714152,0.00197078821499,0.0408176867946,840
1984,0.0301703900205,0.0230556878049,0.0529714576022,0.0298337701459,0.338106295664,0.056426916232,0.215721437516,0.107555939846,0.0670223041381,0.0314680423515,0.002192610919,0.0454751477602,870
1985,0.0178231865961,0.020206798505,0.0554289972907,0.0326003431133,0.328797535585,0.0657432937862,0.221115407926,0.110782810933,0.0661919438898,0.0354515883929,0.00171103571891,0.0441470582638,930
1986,0.0165731865178,0.0184018001494,0.0472875072969,0.0262976194789,0.293779888374,0.084324795179,0.221716202601,0.144790524405,0.0523863384296,0.0319159968398,0.00522073737813,0.0573054033507,860
1987,0.0239409267498,0.0178124436265,0.0447101761859,0.0285551562937,0.307116124915,0.0697487217883,0.224095163093,0.141942347696,0.0444633065442,0.0317959178976,0.00741679562275,0.0584029195874,810
1988,0.0304403139689,0.0248213141824,0.0341809719929,0.0268540725993,0.285571245579,0.0940306345324,0.220431383091,0.158430443639,0.042296129103,0.0173955189619,0.0100543352093,0.0554936371413,750
1989,0.0335017492062,0.0240735086435,0.0480243221222,0.029150439345,0.27855563315,0.0790010663381,0.232134888956,0.141352582015,0.0627077710001,0.0190205217659,0.0066750734245,0.045802444034,740
1990,0.0308261738322,0.028566565972,0.0697374383884,0.0220519678348,0.233648271863,0.0936580874909,0.175977957358,0.155062275798,0.0919001438293,0.0266932633193,0.00493964205411,0.0669382122604,870
1991,0.0333174008936,0.0279802250238,0.0795512816057,0.0208168001418,0.248593397223,0.0682517819561,0.17488336936,0.144900457713,0.102340319209,0.0297543108967,0.00348699051728,0.06612366546,920
1992,0.0346991907301,0.02742835777,0.0805797665781,0.0152815216476,0.248708591583,0.0781352438505,0.134715859563,0.166127188769,0.0933380075974,0.0331404558104,0.00861260071096,0.0792332153907,980
1993,0.0360423279887,0.0197083325481,0.089579063232,0.0125442908503,0.28103712645,0.0629021961914,0.156768766843,0.166056190965,0.0841178207125,0.0232998026724,0.00874062950491,0.059203452042,860
1994,0.0331949473108,0.0174266169528,0.0930266667637,0.0149557958059,0.246812422003,0.0844016993637,0.150478120869,0.174117806807,0.0935936056979,0.0231669068035,0.00765833001498,0.0611670816068,850
1995,0.0273768275738,0.0149786815045,0.102215307936,0.0245344691625,0.236151002551,0.0747317676322,0.166126254406,0.176542062018,0.0774426915798,0.0302211300906,0.00436054524557,0.0653192603006,820
1996,0.0297474024593,0.0211122013548,0.110105627233,0.0246713268327,0.209954295567,0.0680267565582,0.182610757705,0.158534915132,0.0799056598236,0.0412964114326,0.00522064309841,0.0688140028032,790
1997,0.0323607757075,0.0243504349468,0.113487713002,0.0209851913791,0.216335585802,0.0435392010972,0.192995129597,0.152883516053,0.0845047747066,0.0422043276553,0.00512856893635,0.0712247811168,730
1998,0.0438154457803,0.0275318372972,0.119705876971,0.0110160316706,0.243445594646,0.0614969562499,0.169892158103,0.10910956204,0.137249566229,0.0291986244028,0.00185040384415,0.0456879427653,710
1999,0.0441900573146,0.0299424662804,0.106849466016,0.0124987461973,0.23406410371,0.0855770254666,0.137426289676,0.114764964051,0.147142807581,0.0284241260516,0.00738870396864,0.0517312436864,710
2000,0.0511865566652,0.0338928806315,0.100013319467,0.0137618351043,0.238238960806,0.0920640555019,0.126116840778,0.117727971716,0.139792226211,0.0326765138546,0.00857052528519,0.0459583139792,710
2001,0.0521446759602,0.0506097204499,0.0989950757319,0.0162719492998,0.258512147413,0.0930403406143,0.118270379425,0.118986280787,0.10458511271,0.0370122901282,0.0112975512417,0.0402744762394,680
2002,0.0502901333235,0.0437557890966,0.115381498943,0.00870267592741,0.274982666048,0.0956733221713,0.129224295968,0.137911535334,0.0737345891356,0.026293358931,0.00951775903301,0.0345323760891,640
2003,0.0507966169746,0.0407291130156,0.13010517827,0.0121981471697,0.278766325027,0.113781559439,0.11168090939,0.139251607634,0.0455776273391,0.0256332109778,0.0126001949569,0.0388795098049,660
2004,0.055734191509,0.0341733223767,0.116215046553,0.0117636247293,0.248963724226,0.121127757019,0.137785424949,0.147971785914,0.064548961933,0.0141926635615,0.00911073463821,0.0384127625904,690
2005,0.0544715879315,0.0385865090654,0.103540408833,0.0182770945026,0.238999342317,0.11789707005,0.147652389572,0.136807372016,0.0743424471287,0.0169720842479,0.016094144253,0.0363595500826,680
2006,0.048697996706,0.0400084265673,0.0905023747551,0.0218671600716,0.230805299825,0.129693451749,0.152557368277,0.128167970542,0.100612224061,0.016467087465,0.0153134253082,0.0253072146728,640
2007,0.0445091493696,0.0303931031793,0.106336585642,0.0343117039318,0.250741163262,0.108254157927,0.161552582733,0.111992582363,0.0931230753835,0.0193531925394,0.0168908026074,0.0225419010619,600
2008,0.0626792909753,0.0238197481946,0.110703893921,0.0322143386363,0.256116936381,0.14291502292,0.134884455363,0.0838045472024,0.112371849326,0.0238247580435,0.00464534043469,0.012019818602,570
2009,0.075733488722,0.0226937540923,0.122802682187,0.02865786227,0.236653638502,0.133797613279,0.14178421649,0.0866270015327,0.105484071595,0.0211662664336,0.00374364411985,0.020855760777,570
